image_width: 1600
image_height: 1200
camera_name: "Basler acA1600-60gc"
camera_matrix:
  rows: 3
  cols: 3
  data: [3558.2547804162537, 0.0, 839.8172037370053, 
         0.0, 3557.2809704603087, 603.1503340380029, 
         0.0, 0.0, 1.0]
distortion_model: plumb_bob
distortion_coefficients:
  rows: 1
  cols: 5
  data: [-0.11546574717491714, 0.6372658669723802, 
         0.0003404778395764536, 0.005549271185702402, 
         -9.538765447685645]
rectification_matrix:
  rows: 3
  cols: 3
  data: [1.0, 0.0, 0.0, 
         0.0, 1.0, 0.0, 
         0.0, 0.0, 1.0]
projection_matrix:
  rows: 3
  cols: 4
  data: [3558.2547804162537, 0.0, 839.8172037370053, 0.0,
         0.0, 3557.2809704603087, 603.1503340380029, 0.0,
         0.0, 0.0, 1.0, 0.0]
